data mf1;                                                                                                                               
input Flowers Time Intensity;                                                                                                           
datalines;                                                                                                                              
62.3      1      150                                                                                                                    
77.4      1      150                                                                                                                    
55.3      1      300                                                                                                                    
54.2      1      300                                                                                                                    
49.6      1      450                                                                                                                    
61.9      1      450                                                                                                                    
39.4      1      600                                                                                                                    
45.7      1      600                                                                                                                    
31.3      1      750                                                                                                                    
44.9      1      750                                                                                                                    
36.8      1      900                                                                                                                    
41.9      1      900                                                                                                                    
77.8      2      150                                                                                                                    
75.6      2      150                                                                                                                    
69.1      2      300                                                                                                                    
78      2      300                                                                                                                      
57      2      450                                                                                                                      
71.1      2      450                                                                                                                    
62.9      2      600                                                                                                                    
52.2      2      600                                                                                                                    
60.3      2      750                                                                                                                    
45.6      2      750                                                                                                                    
52.6      2      900                                                                                                                    
44.4      2      900                                                                                                                    
;                         

*Pace Example;
Data Pace;
Input Bank Walk Talk Heart;
datalines;
31 28 24 24
30 23 23 29
29 24 18 31
28 28 23 26
27 22 30 26
26 25 24 20
30 26 24 17
28 30 21 19
33 22 18 26
33 22 22 24
22 23 23 26
30 25 20 25
32 23 23 14
29 18 25 11
25 27 27 19
24 22 14 24
27 23 24 20
26 22 24 13
24 23 25 20
31 12 19 18
27 23 17 16
28 20 18 19
21 20 17 23
19 22 18 11
34 14 22 27
24 20 23 18
25 17 19 15
25 26 19 20
20 19 22 18
22 23 23 21
26 13 22 11
29 16 21 14
25 17 18 19
22 17 15 15
24 16 10 18
13 20 12 16
;
run;
                                                                                                              
                                                                                                                                        
                                                                                                                                        
data Donate;                                                                                                                            
input Cash      IMP      Charity      Cash_C;                                                                                           
datalines;                                                                                                                              
48.0      9.0      43.0      1                                                                                                          
45.0      12.0      56.0      0                                                                                                         
51.0      11.0      51.0      1                                                                                                         
42.0      8.0      50.0      0                                                                                                          
33.0      11.0      25.0      0                                                                                                         
60.0      14.0      69.0      1                                                                                                         
45.0      13.0      46.0      0                                                                                                         
57.0      10.0      56.0      1                                                                                                         
63.0      12.0      66.0      1                                                                                                         
21.0      12.0      20.0      0                                                                                                         
54.0      8.0      41.0      1                                                                                                          
48.0      6.0      33.0      1                                                                                                          
60.0      9.0      58.0      1                                                                                                          
51.0      8.0      38.0      1                                                                                                          
42.0      12.0      38.0      0                                                                                                         
54.0      10.0      50.0      1                                                                                                         
60.0      11.0      64.0      1                                                                                                         
36.0      9.0      36.0      0                                                                                                          
51.0      9.0      55.0      1                                                                                                          
51.0      13.0      62.0      1                                                                                                         
33.0      5.0      50.0      0                                                                                                          
51.0      11.0      53.0      1                                                                                                         
30.0      9.0      45.0      0                                                                                                          
60.0      8.0      58.0      1                                                                                                          
57.0      13.0      64.0      1                                                                                                         
45.0      11.0      42.0      0                                                                                                         
39.0      7.0      40.0      0                                                                                                          
27.0      10.0      25.0      0                                                                                                         
63.0      10.0      62.0      1                                                                                                         
30.0      10.0      49.0      0                                                                                                         
57.0      10.0      57.0      1                                                                                                         
30.0      9.0      44.0      0                                                                                                          
48.0      11.0      49.0      1                                                                                                         
45.0      7.0      37.0      0                                                                                                          
33.0      8.0      38.0      0                                                                                                          
54.0      12.0      61.0      1                                                                                                         
48.0      15.0      62.0      1                                                                                                         
51.0      8.0      51.0      1                                                                                                          
27.0      9.0      34.0      0                                                                                                          
48.0      10.0      44.0      1                                                                                                         
;                                                                                                                                       
 
data interact;                                                                                                                          
input x y Gender $;                                                                                                                     
datalines;                                                                                                                              
1 4 Male                                                                                                                                
1 6 Male                                                                                                                                
2 5 Male                                                                                                                                
2 8 Male                                                                                                                                
3 6 Male                                                                                                                                
3 7 Male                                                                                                                                
4 9 Male                                                                                                                                
4 10 Male                                                                                                                               
5 11 Male                                                                                                                               
5 13 Male                                                                                                                               
1 15 Female                                                                                                                             
1 17 Female                                                                                                                             
2 20 Female                                                                                                                             
2 22 Female                                                                                                                             
3 27 Female                                                                                                                             
3 29 Female                                                                                                                             
4 34 Female                                                                                                                             
4 33 Female                                                                                                                             
5 38 Female                                                                                                                             
5 40 Female                                                                                                                             
;                 